Țară/Regiuine,C1,C2,C3,C4,C5,C6,C7,C8,C9,C10,C11,C12,C13,C14,C15,C16,C17,C18,C19,C20,C21,C22,C23,C24,C25,C26,C27,C28
Afghanistan,0.08384283382744864,0.015969789387685375,0.0020006136508027425,0.21007936003841554,0.23168533287422113,0.405234076310505,2.9479549126080575e-05,0.020728890685730438,0.0024280818561981583,2.663281952722534e-05,8.433548280275884e-05,7.873231773004639e-05,0.0001231366178362508,0.003758475618331559,0.0046090135138926085,0.004154908449042217,0.002185514777820204,0.002895897747677394,0.002923286798844947,0.0024813896384591762,0.0036198730414805477,0.00015761340601420148,4.1520743675150567e-07,0.0008886486919832074,5.747554398802654e-06,4.0410679119598445e-06,4.411365571674172e-08,3.834955021315934e-06
Albania,0.8337596835375211,0.1358148878676723,0.00200786664595481,6.292259867777605e-05,0.012929257545505989,0.0001677444531990997,0.0020590507445654833,0.00018118138432784322,0.0015459588724654875,0.001423305489504842,7.628357369287904e-05,2.063136137314082e-05,0.00606981571396355,0.0006915260837843647,0.0010558434841761116,0.00020985366642724444,0.0004764838293489317,2.083167326472775e-05,0.0001968050862099372,0.00042837224822578807,0.0004525346785993755,1.9285103378412485e-06,0.00016895970773843846,4.2256464335883596e-05,0.00010224677133320741,3.114864054551532e-05,2.232095176224052e-06,3.872720721084013e-07
Algeria,0.07246442711411581,0.12473056764024468,0.002624525144907465,0.035311999017515715,0.06363443054426379,0.15088410057479626,0.021983232803467388,0.033183289560887425,0.00015643644039450388,0.1980705690122698,0.057901410347583455,0.0027289398079299626,0.024489315534581096,0.0009171932846117338,0.001113030742415539,0.00615455306738815,0.015638375595425594,0.007031503953050788,0.00029383163355163887,0.023208196328678227,0.09168595692999647,0.046845761521970286,0.00888259481768134,0.0014784071067079647,0.008404259850749265,6.646608493357693e-07,0.00015221647121387453,3.0210492752558737e-05
American Samoa,0.6258887500333814,0.15064687119490958,0.004713969398267643,0.004815605536204942,0.008243933809152578,0.01590853216592213,0.0011948567925072805,0.0030605653545506322,0.007129163300179857,0.02677753091297816,0.1000542511745135,0.004088949446655874,0.0032470292267802866,0.0003306902959114715,0.01112520989526267,0.00011013953789149317,0.0006924111500954933,0.018959087530429634,4.118296570368883e-07,0.00019306106289692407,2.2406354337199032e-07,0.006642042593348877,0.0038374497737511323,0.0014800554678288016,2.8713174720254165e-05,0.0007562721976309975,7.420180955597226e-05,2.127147211364365e-08
Andorra,0.2302913529298711,0.06491179890249386,8.944127827740883e-05,0.09248896975573159,0.16666808640703057,0.354476332703349,0.005948853785286792,0.01673378808099808,0.015094361911222272,0.007199709414536991,0.03087443640497962,0.0019210637034441443,0.0026032574133601455,0.0007875605740928856,0.004143561054752736,0.00020370667932057126,0.000681109934366059,0.001702564825316052,0.0008726606889528652,0.00021802091039873852,1.870008403618557e-05,0.000552973054053195,0.0013623761183105393,7.46639597196324e-07,3.764001653465464e-05,0.00011577478755741302,1.0903679434321995e-06,6.157418587432533e-08
Angola,0.01218169511138201,0.5773871162891532,0.0824895880085594,0.02885730576613347,0.09436325786372902,0.05302223025764578,0.11229592111426748,0.00028833165397575226,0.023779534137999898,0.0017202827223209718,0.0010119554163704103,0.0015483979383774315,0.0005554980574496623,0.008597384144116791,0.00017188511211917737,0.0006491326400368314,5.5409618251521055e-05,4.7402726500607026e-05,1.1729304443778512e-05,3.485418873516639e-05,0.0002877081941397151,2.4683140349061787e-06,2.9393059213945353e-05,0.0005693834096455497,2.1696996652371896e-05,1.7015550130772038e-05,3.0016208918243166e-06,4.207837225196243e-07
Anguilla,0.38297630639397223,0.022350194498769384,0.007615256954514062,0.05362777307250641,0.17310351145660088,0.07735602815779823,0.06267128803998007,0.05886871368876634,0.020285426397233484,0.010431274026765466,0.10193791144077424,0.0007812114533525205,9.664459436037097e-05,0.0053597731871003595,0.006100984760211355,0.009415474490439201,9.388663792165009e-05,0.0008416233998113714,0.00013476257302347524,0.0029917668737617403,0.0008093451518845988,0.00019591994294019998,0.0005894930092601372,0.000976354689292702,2.273825510006361e-06,0.00038100636925178266,1.4888636672810642e-06,4.306050530616051e-06
Antigua and Barbuda,0.5741468383198457,0.04423987273473175,0.005307882940592491,0.03041588451021863,0.03841171687063437,0.20234825880512824,0.008794864446418162,0.05136224016683696,0.0279205671724865,0.007056248053309678,0.000387492064562091,0.0011880086378569497,0.0032843114578220665,4.668146826180598e-06,0.0025350150750269394,2.235182492316149e-05,3.485717037561377e-05,0.0007026983533548442,0.0005256033738096197,1.2587908856414428e-06,8.915910907410374e-05,1.5804856718789707e-05,0.0006398374659779868,0.00043150236965085664,0.00011733737654555157,7.750649879441877e-06,6.320296301737182e-06,1.6489602059884275e-06
Argentina,0.11793529519949349,0.06278142340343283,0.01878991430405912,0.03437195426483902,0.33432001961892915,0.017013223031864397,0.007743325783757876,0.04064584456592479,0.038827929750609586,0.2016458152456724,0.1065608837713854,0.0008030764944090766,0.00019334695517991655,0.009209835007486058,0.0015423941413343746,0.002989770327464422,0.0002820765561566736,0.0032235259713382456,0.00017707914018223002,0.0004137690734829824,3.6474084603807626e-05,0.00020288064195191953,9.751334934233615e-05,0.0001906880865281221,1.5456640180102487e-06,3.632617771795382e-07,3.1326397337938594e-08,9.783791946803556e-10
Armenia,0.7557581005685371,0.12684869065973164,0.001581054035298602,0.01020860800238451,0.058984065405455095,0.026457737709044943,0.004675406408138795,0.003908253391196927,0.0003913483810161611,0.0007992675309926811,0.0022172833230293377,1.4617469741573964e-08,0.005932223893635744,0.00014007175401845542,0.0010023716693758223,0.00015370195291811303,4.996573740209284e-05,2.4337393720696847e-05,2.3218282111646233e-06,0.0005553868783044365,5.957139172448971e-05,2.672925886887339e-06,0.00010009178404750277,3.386908698579915e-05,9.203153689353576e-05,1.8423501055519984e-05,7.382284358088952e-07,2.3904050886474443e-06
Aruba,0.6180999659780309,0.11723633970502491,0.003674101298171741,0.024003903357586138,0.04182151448544543,0.04300185439496208,0.0002992563881536153,0.005865920413423215,0.005226932254548659,0.024863672011604936,0.09518046373315166,0.0013047641495747058,0.0017176460063524814,1.0405396608738218e-06,0.0056423416009345135,0.0003319006434395982,0.0001210025305758921,0.005046031757352395,0.0004920012793984552,0.0017813301351035584,6.0598797982384636e-05,0.001459996048158993,0.0021795230335047294,8.623172244114642e-05,0.0001509712693078962,0.0003493072489278951,5.827705496960519e-07,8.064466316647067e-07
Australia,0.0694955529021337,0.21927280408275837,0.060017375603590446,0.008260116850634781,0.15528200040721132,0.00011429567264682931,0.059645236737972215,0.040934476359233175,0.15200873752385574,0.0052124986319734765,0.05168051067062126,2.1031489907595197e-05,0.002278961782820311,0.15222243719010747,0.005110382231262809,0.00909505512982444,0.002999195943822478,0.0004612733116248544,0.0034134889893854678,0.00016366887018288132,0.0011163036561876102,0.0005403844929291737,9.735509352973716e-06,1.276762407812333e-06,0.0005334782603564165,0.00010822102566822345,1.5608355403022042e-08,1.4843031726228004e-06
Austria,0.24442797404928565,0.10356821942893628,0.0007359477076179921,0.14375590226854926,0.19151501710621316,0.2810772823507414,0.0005782659867120803,0.01794607684137721,0.00012291817227819553,0.0005000594737607153,0.0006937534409102163,2.1291066474952174e-05,0.006113332495604079,0.00016715020248821827,0.00121511161095443,1.579513260490079e-05,0.0020231079956670645,2.2940925670646682e-05,0.0009163363277053883,0.0014217046074953786,0.00033745737519612595,0.0011931569178316823,0.00013984212935614458,0.0005520020834477127,0.0006896347585833391,0.0002483496381496315,6.755235935452736e-08,1.302354028557143e-06
Azerbaijan,0.6867852551626877,0.14142417598968407,0.0032560270013793535,0.009889859275376814,0.04827858212069986,0.058559577647147656,0.015225482743539066,0.007328264284717741,0.0007432501983215952,0.003129776412593139,0.0057687309484885365,2.677021948564978e-05,0.007744371670299787,0.00012693886964362927,0.0009800286331988766,0.0033744755865894836,0.001434132090344865,4.372417563816623e-06,0.002460967614553223,0.00023015056389343668,0.0022099390634041922,0.0005679378353617575,0.0004306138844006184,1.222047888791964e-05,1.3205654908888718e-06,4.424710930452157e-07,6.2188641619162285e-06,1.1738699124990773e-07
Bahamas,0.8313905967827591,0.12872349433192964,0.002944739664676635,0.0003390754049448115,0.010183028980578298,0.010133122947091903,0.002016664843189367,0.0003542472495146859,0.002744003577070214,0.0036725032724660494,0.002266136328874207,0.0002028378305075459,0.0036277897676805027,6.529680734625199e-05,0.00023514685334306688,5.352432210905204e-05,0.00013280257492047972,0.00020769628458911394,6.213355786323091e-05,6.288033800058968e-05,3.9819662102227996e-08,3.133470102622565e-06,0.00022659272290273929,0.00019383591612380407,0.0001519034864679762,3.4617451880846134e-06,3.1688103941331547e-06,1.4230970370355588e-07
Bahrain,0.46574033391823466,0.11742221825632987,0.0018231952524350669,0.06279690821750247,0.14254599419892186,0.12431920190611459,0.005107548033205175,0.015299677588252418,3.265604866038455e-05,0.009190571620405137,0.0019569507908953135,4.642755503952498e-06,0.002834987538223248,0.0001022927386640925,0.005630099066451288,0.0012980375769005477,0.005469763651720452,0.005066536474997673,0.028456977137726096,0.0009380456731549759,0.0024618764399099,0.0007090884002539142,0.0005232353839317495,5.438020144960673e-06,0.0002493478444221792,3.4183917226891015e-06,3.852953246593333e-06,7.104122068704835e-06
Bangladesh,0.17107500793180108,0.0007243535101049607,0.11733015202912243,0.3408113995819061,0.022543293204461537,0.0025542720148706427,0.0003156117000758835,0.0005340358240368468,0.007352661240791979,0.004550710868605771,4.6610212560045414e-05,0.08267397795384702,0.1777824492551586,0.007730269298307404,0.0027663982698181125,0.03140952004204516,8.162790452396675e-05,0.003152366240000786,0.01805489474763366,0.005553979578354899,5.098876691084512e-07,7.349808920526119e-05,0.0024974860153061202,4.982691036732615e-05,0.00011736751044374907,0.00011589922659436883,9.020417554796154e-05,1.161677683921698e-05
Barbados,0.7569197795988141,0.10552073377446146,0.0031609654625071927,0.019059741602435832,0.005236209384837262,0.08872227840966952,0.0005598561608293686,0.0035947393780560158,0.005170759485620759,0.0035716482799741244,0.001258209794360533,1.4479797155264174e-06,0.003584330085312036,0.0006347204218642058,0.0017974594057024247,3.6430714755087897e-06,0.0003367718043844242,5.7624987351982543e-08,0.00013776684997643716,1.6797651976697814e-05,4.810127917745162e-06,1.191235111831346e-07,0.00028644713557266703,0.00011753548254388773,0.00029271573679258303,5.184177469474255e-06,5.208489771226931e-06,6.349946049729089e-08
Belarus,0.00813075268343322,0.004313413231637517,0.14062928687922915,0.25878185746058685,0.17623645140768146,0.27141400207218236,0.002892942734632682,0.010905007714437373,0.005978727857392201,3.3276426756221255e-07,0.001985341462004665,0.02620042339602387,0.07866785959881109,4.248916499094439e-07,0.0015056427245384572,0.00025782164466138594,0.0026722626941833244,0.0020552739919949647,0.0035233073226172557,0.0027359172459144976,8.176585824445858e-06,0.0007813761010948019,9.203491167606706e-05,0.00016695102706264358,5.370065016890725e-05,1.9474265534431425e-06,7.1243345645349735e-06,1.6391851753664817e-06
Belgium,0.12010899789529386,0.0741629653736216,0.00037290365344916495,0.16903387760765567,0.2203983398393096,0.35399739903276817,0.00010876121053673929,0.045689035064558625,3.970676162571577e-06,0.001223088410397158,0.0059545895496929385,0.0008821733581941799,0.003581720165022835,0.000177530425238747,0.00013980670320460947,1.4804156523367385e-05,0.0006361509973209907,0.0016535053324417384,0.00042195940962551197,4.5678756224264275e-06,0.0008790305108466443,3.991071589428831e-05,0.00024229960851080012,0.00018865551273983483,6.686077735647451e-05,1.5853327275749164e-05,9.854418771248763e-07,2.5736885842455385e-07
Belize,0.6990759056882854,0.0984318910360023,0.003884154371290819,0.018402764624385646,0.09333930711812766,0.007351636290955649,0.00786378889361877,0.0006989711517244036,0.00306533294175416,0.006299884540628119,0.004970271763344252,0.008607055841495573,0.00011178379022902033,0.003558293532015224,0.008333115049144468,0.00036721856765217846,0.021436587611558776,0.0071354399298496725,0.00023927184836110843,0.005366392885027869,0.0007950107421848076,1.8272305167483406e-05,8.650725177572433e-06,0.0006347369438718375,1.6561623102623077e-06,5.378676402240764e-08,6.601913847497204e-07,1.8916676882075512e-06
Benin,0.6074699232222462,0.04219342918554264,0.005530088056050807,0.06556748909215256,0.08099855622579798,0.15173281171842645,0.006511486882031556,0.005320902764412761,0.01845998711648544,0.0013700976721113553,0.00278323275140738,3.337211324465872e-06,0.0024854822830063456,0.0007719640839071938,0.006175224315691768,0.00028204697200162544,3.154532594637984e-05,8.04848836328404e-06,0.00010554783798550068,0.0017410605369411344,0.0001350360087714295,4.976272859822031e-05,6.210481820469162e-05,6.723015709925001e-05,0.00010907638401960447,2.7416801026779486e-05,7.10613578989478e-06,5.224657012664212e-09
Bermuda,0.41446021946988754,0.03070284448313104,0.0108678864461358,0.030387196559252684,0.1364660929536416,0.0541317638777201,0.07520937069022886,0.051396509821758744,0.024787391700689745,0.0072150841135380245,0.11762645343316198,3.655346772713244e-05,0.001051620388714937,0.005368848479212229,0.0028881940747370748,0.01327732800202798,3.800701350501912e-05,0.01132701082676307,0.00020368100679077477,0.00010746057720394065,0.0001747702945251951,0.009993377733922506,0.0010764125842792362,0.00040107314099830103,0.0001411267422420318,0.0006128259913884365,4.8315657615710355e-05,2.580469200424645e-06
Bhutan,0.6831580320121564,0.11125862005808801,0.004156086948761141,0.020046048289019614,0.006664877163083627,0.13328958521174453,0.0007965273547094368,0.01572961882711072,0.005636804529423779,0.004441589455002656,0.002188265446494209,0.001948281674395552,0.0007182609780132887,9.614024705278417e-05,0.0006330288482525084,1.2545517698344894e-07,0.004175855692371876,0.002388478563314433,0.00022275693205072233,0.0016359924504188586,0.00015654569705634706,1.25425541701722e-06,0.00011703820508076774,0.0005074347850575708,2.6685074511772735e-05,5.184701680301026e-06,8.747459396051994e-07,6.398615492183104e-09
Bolivia (Plurinational State of),0.015661758325693692,0.7300040707035014,0.103018951041026,0.0063976019675700746,0.054303463037568965,0.033282992394824344,0.02917381094830791,0.002738776304159691,0.010134953507398086,0.00013861549734507365,0.0002697769556108253,0.002248622919476209,0.0006318855154899749,0.0009355621047565171,0.00028480133029160326,0.0008776663603731124,0.0001260163575405532,0.0006400924804461737,0.0016256803850156778,0.0002883725087396362,0.0007235146855853817,0.00495144290417938,8.295449197625486e-06,0.0010737813749183282,1.3736655060120383e-05,0.0004336240799317681,1.0353000155775841e-05,1.7812058361313583e-06
Bosnia and Herzegovina,0.6218244250456426,0.11761183291020041,0.0011500938774303459,0.038731653517361964,0.09507742845689524,0.09830397001630187,0.0021124458853159583,0.009948163308472214,0.00014077625460088902,0.0018397215478477612,0.0010133473965987672,4.1334627340589207e-05,0.008597769044466033,0.00040784912956315166,0.001617348799928065,2.9813661619760004e-06,2.0084274058858473e-06,0.00010659941702050992,0.0001759796833418616,0.0005145423774527957,0.00031340309040274326,3.2250003600820655e-05,2.807384647655846e-05,9.53306045255344e-05,0.00028317702881878776,2.7438631780448914e-05,5.12135888280622e-08,4.491457635538578e-09
Botswana,0.18154312840808712,7.208968467741594e-05,0.0019885299691733025,0.11150279232320238,0.18600279894902358,0.412413126390156,0.011847737399609376,0.02347968385702469,0.06146326139747771,0.0022776538198059464,0.0003454570885971815,1.0312263013265175e-05,1.584377245162281e-05,0.00019876227910824642,0.0033607291865616748,0.00025832129377681635,0.002266631922884632,6.611823223778351e-06,0.00037379384170521223,4.137340191591035e-06,2.1461892662093864e-05,2.292008377805918e-05,0.0003469503693965373,8.180469110986587e-05,1.64943655134946e-05,6.521305994619455e-05,1.3608657574501919e-05,1.4387026750179544e-07
Brazil,0.22646733468741273,0.5848207166062195,0.034928404947939695,0.004002523596921442,0.0519953049458239,0.02790438692034711,0.0665224199938397,0.000433317856088963,0.0006219647215429688,9.620464431786943e-05,7.389289747001054e-08,0.0005945622041536149,0.00019116918833100393,0.00030040351026359963,0.0004792205106191251,9.144408350256315e-06,0.00028547794403007727,4.1747171747610266e-05,1.61306118873634e-05,0.00022349912490465966,1.1114453993444342e-06,2.7392877955267265e-05,3.2960771175462406e-05,3.3546449218895216e-06,8.165564946395122e-07,8.709606360663497e-08,1.44596900817248e-07,1.245234504984468e-07
British Virgin Islands,0.37551538672578105,0.039612312105134787,0.010440971279660817,0.03218977506316555,0.11204050768991297,0.056612812440958345,0.09253796223288821,0.052287984081864615,0.03009016838635716,0.013902947618348755,0.1207406854616468,3.748233353797362e-05,0.00019904403670464058,0.00928067104395401,0.004259941599384077,0.020130405992898084,0.00039319605656534015,0.0009311612492176874,0.0010428651660817564,0.0011867648114185275,0.016100529568010752,0.009317272894470291,3.398973677140863e-05,3.1609867188353104e-05,0.0010039642191559616,4.2721747822624456e-05,3.60387568734732e-05,8.278342259603003e-07
Brunei Darussalam,0.6637265999704208,0.14068704314778047,0.00061413055059017,0.023755513036632328,0.09498566148340917,0.017212617803360097,0.00518424092703411,1.981625313451989e-05,0.0008085881573464493,0.0032420635539089798,0.0046182146174998245,0.005877105094204825,0.0011526646889232653,0.002690518061387181,0.006897495643027579,0.0008501903881871437,0.017524711914896286,0.004918867891283081,0.00018018777143480417,0.0042048170213955256,0.00041545200845240877,6.658748484755297e-05,3.961410283207581e-06,0.00034409183758441977,8.960379010504958e-06,8.738552224213531e-06,3.7808647157873153e-07,7.822652695461509e-07
Bulgaria,0.3551375154297531,0.08488253673411666,0.0008966651489534395,0.13249397006039798,0.13889963654339824,0.21956467454137749,0.0046844028066332965,0.013479581272626141,0.00024461609725950114,0.004235697563265836,0.001843547592080901,0.010101914362253555,0.018188651747124366,0.0017839775358803414,0.00589966553016147,0.0005979170533039356,0.0011038721803392593,0.00016611918940164546,0.0006033259897019032,0.003252000393816501,0.0017320461675252596,9.43471612441753e-06,3.8120097884750665e-06,0.0001401320669031038,4.409492263993599e-05,4.235263441782822e-07,7.087371445574756e-07,9.060081684326922e-06
Burkina Faso,0.4263781501753304,0.03944043977792538,0.0032558370489194637,0.16951556991142203,0.1236866295196261,0.07370074288026114,0.07677194487363952,0.015609418950179586,0.021517474141748844,0.009245779003091622,0.0033475713798055634,0.007758562114498481,0.007173639655145953,0.0007554602684823946,3.884007521317518e-05,0.0023684132378509254,0.004550470855296175,0.0025833577070715993,0.004265425233504316,0.0015464346726122302,0.005729474276767344,5.0424378275251106e-05,0.00016460136480202505,0.00024360901690087414,0.0001896284831737994,9.992504715862624e-05,9.966491602238615e-06,2.2094596949734055e-06
Burundi,0.7487703993957135,0.10360369330181245,0.001983050833107449,0.035825917822821664,0.006229847341377651,0.06751462307869135,0.00024068506973287405,0.008731178564039004,0.002687476060493749,0.0008745458317869429,0.0026259726422129836,0.0020422544311602016,0.00019483753371985383,0.0023748907798527533,0.011846614508098733,0.0007449805353642669,0.0005129679125923701,0.00013382742667358724,0.00010305055636283034,0.0008716096058254972,0.0005712950491841443,1.1887482748808066e-05,0.0003761091276734476,0.0004091100865525639,0.0007045132068789285,1.0061825994259223e-05,3.5137417547714475e-06,1.0862477735395683e-06
Cabo Verde,0.7705268022283074,0.1080626679171411,0.0030352558031316447,0.01682913617839867,0.0031360161066275737,0.0783474803260169,0.00073992146621064,0.0035978071353734175,0.0047437963495641534,0.003489739437809561,0.0011364748090444184,8.623289471096683e-07,0.0033984288820457856,0.0005291115351077354,0.001462164420643434,7.611216119708875e-06,0.0002123255445724767,1.3888146155929097e-05,8.076822901457691e-05,3.2565580259894574e-05,1.3324079325850277e-07,4.4302745685129985e-06,0.0002646610621045633,0.00018038670484751961,0.00015228113365839033,9.632849346447774e-06,5.640960201582546e-06,1.0133987582027846e-08
Cambodia,0.21995578175109498,0.25492369840890744,0.04135974683955495,0.07232198074950813,0.09686020017557598,0.04218099290498263,0.0331805218694736,0.004933037747124838,0.006369651976345657,0.03933514468528802,0.002023562077743514,0.12269100764112091,0.007802364762305337,0.029073865751211396,0.00031529142784153606,0.006505248311562881,0.0013259073875394821,0.0007032568010226807,0.0023698354613887426,0.00025267693139767954,0.01094448386107621,0.0014072421851560526,0.0007186611441366602,7.203816407775585e-05,0.002272922240187363,9.125474574802828e-05,4.345718524496726e-07,9.189426775188399e-06
Cameroon,0.544214987140041,0.20957757432674476,0.04461454025756333,0.054851251852961753,0.008410743149235091,0.05067632420918578,0.025369617386702348,0.00016317996909954468,0.004999184217963774,1.1741643993225857e-05,0.002596631082152358,0.005857677357778374,0.0012235941393995916,0.0023916729715179686,0.003922882929080334,0.001602781827039286,0.007083022449591884,0.0029419024197688253,0.003407119016091362,0.010059112707832088,0.01052598794823702,0.00025701441327323537,7.774131970182587e-06,0.0024231201971113337,0.002770027482329177,1.9068271125076963e-05,1.1671430630340878e-05,9.795071581027027e-06
Canada,0.22840169076554284,0.046917813735314166,0.03011910296593487,0.22567046358214274,0.12799431039644737,1.566661353785258e-05,0.007347315275540306,0.03443942739346516,0.10012513193694096,0.00426031789684964,0.014801319651037611,0.014436595419085095,0.0874579177689414,0.009448258271552224,0.05450651387442241,0.0007232850617821321,0.0007253595665677318,0.0037333348927782385,0.0005263430765097925,0.004303181742895062,0.001981600166411186,0.00045098259785321686,2.7686685588308664e-05,0.00013629270283524198,0.0012613388317053186,0.00017017159514976925,1.84816282211917e-05,9.59049481468179e-08
Cayman Islands,0.547662634046519,0.1280611300337058,0.005042713796681385,0.02428424193979623,0.04257416662929223,0.08286337055510834,0.00023533127626645419,0.007670652186890314,0.0036548625091487536,0.024870647694622904,0.09338963725585706,0.0022694229805599792,0.0019368115767729225,0.00011368480079833273,0.008128575308332036,0.0001809339223599856,0.0002488997785054987,0.015054119213907919,1.414253857261235e-06,0.0003844213838009784,8.796460863683825e-05,0.006639326342358274,0.0027336199429965724,0.001122484145519023,6.460540806879212e-06,0.0007231893836336338,5.927982291851241e-05,4.07034666288041e-09
Central African Republic,0.009596531557317548,0.5386223167162562,0.0821389881888062,0.012003945674129556,0.1139416099732877,0.04230020086012194,0.139306061050664,7.99017653153633e-05,0.04796845960152606,0.001138912047821105,0.001773474258216133,0.0004991778964891637,0.00010547214556778098,0.007015286681236753,0.0017294670029464523,0.00118059751724196,0.0003872373676594685,4.195980518993229e-05,9.874410457223662e-06,4.070166189308306e-05,3.607967207962119e-05,5.6952556142805425e-05,6.083181692428171e-06,3.4880238237350603e-06,4.375834796862176e-06,1.2217950313741932e-05,4.2753614852669756e-07,1.9906285860905415e-07
Chad,0.0641907714835944,0.07322347766271438,0.014825394775992082,0.09202902763567387,0.13478156258795504,0.00246023172918018,0.18154017757765806,0.000321082347139988,0.24006121607845046,0.056127729480023265,0.02073776973393393,0.0034710648517169516,0.008803374926132434,0.012815794799408954,0.0004423287286716089,0.08318479722455902,0.0009954889814559006,0.0006856509662897899,0.0017424344241619395,0.0010887444115943179,0.0004827116714601361,0.0005479932586086475,0.004369034426431012,0.000961280739124942,9.909602753389242e-05,9.51670066624876e-06,1.489053916886509e-07,2.0978644770817684e-06
Channel Islands,0.07121711439444572,0.03375960515051365,0.0077816920283282475,0.09909017355116213,0.11455998328668282,0.3304348917362462,0.02640834298327478,0.028464466828407486,0.004345319129743203,0.009460751996531661,0.03216665287735923,0.08713791454614626,0.00560221315700439,0.0003727189804608473,0.04544648758241784,0.01844113125395097,0.0019805833251324055,0.0001527511735864893,0.004514481379615286,0.029476329989619535,0.007203786677981637,0.0004924188710117502,0.004875593183628667,0.0039472520456182705,0.0013806562032540927,0.007517834113970244,0.023715031178972005,5.382237493446308e-05
Chile,0.13548194033636524,0.0496389639439227,0.011840987005102922,0.006909334781487941,0.192564329325467,0.21847365658378853,0.003525972603725272,0.20420874568830064,0.004478675731580232,0.01621900480305447,0.013043681003244188,0.04867538865286,0.02896568040772999,0.01138192480841439,0.01290698888429612,2.1530187776623297e-05,0.0032390244457253825,1.8418734748387272e-06,0.0055339185418322645,0.0018093506826676667,0.022988173331718095,0.005935365822676954,0.0013204343921826103,0.00045769431443966086,4.50682640018938e-05,0.00028794497259563076,1.077592225558986e-05,3.360268931313329e-05
China,0.9809422552697384,0.006742702914989616,0.0017726189313824507,0.0013117337167676032,0.003543938651944484,0.004735810517797924,0.0007669099243761659,0.00012109072664258079,1.1028119317804648e-05,9.777505400824853e-06,9.82966289956825e-06,6.418126057323599e-06,8.680728832936888e-07,7.443352808130422e-10,8.958856864124553e-09,4.54976706232734e-08,8.799667667672364e-10,5.724845708962197e-07,4.6092256293824874e-06,5.815129276156567e-06,4.763942421855551e-06,8.107804527833724e-06,1.5072973738333818e-07,1.6338071856507366e-07,7.362620214546239e-07,6.170732007218557e-10,3.430329391656121e-08,7.899701933749482e-09
"China, Hong Kong SAR",0.5497910412673566,0.09975085916000857,0.006668921049521975,0.057065798971409766,0.06461319134958256,0.04142976148669877,0.024020935738260127,0.0005747586680463613,0.03353718393421803,0.005207881304352291,0.006383255366636091,0.0033983087157043565,0.016218411550622893,3.625678618155402e-05,0.00012465000924834552,0.0015789486601717456,0.008585054281129777,0.013569293606776238,0.044945977123760576,2.11906980115698e-06,0.008149813680795957,0.010365884066640761,0.00040841109595585564,4.0779690675821145e-05,0.0034628445507719793,3.791565406294339e-05,1.829632900203485e-05,1.3446832607128541e-05
"China, Macao SAR",0.6607128978568269,0.08098721224472474,0.0030483550851009606,0.02900323216221014,0.06468564885394805,0.040713070802563596,0.021588969105209632,0.01113580268606238,0.013757942198259328,0.03262816640609517,1.7236820160936025e-05,0.0016473197721812317,0.006788699052178323,0.0013008492924694963,0.0005497157503103409,0.002029229511840663,0.0008131579039922141,0.006143235174674948,0.019834343055986064,4.875654019848793e-06,0.0008908162233092986,0.00031141408830586895,0.00013757933740739882,0.0006278868571155112,0.0005400342986971121,8.663896177483224e-05,1.4651571149005983e-05,1.0192734259129963e-06
"China, mainland",0.9797288891342245,0.006956118312501529,0.0017017451941860788,0.0009881576707715947,0.004314931284923325,0.0049336895911447,0.0011684974662230533,1.9310907814971464e-05,0.00010962845851074105,4.009232302871529e-05,5.610963383735347e-06,1.0729400659531875e-05,1.3832898081622492e-06,1.0980856525839114e-07,8.32607964314298e-07,6.810292619524886e-09,1.4420579621498877e-06,4.449063963223616e-08,2.245214135637161e-06,2.845833403591141e-06,4.7920382645516056e-06,5.820403021442584e-06,2.0331186954539482e-08,7.511491177423825e-07,2.2305626052208597e-06,3.83443469769336e-09,4.6855092041249295e-08,2.400613356080931e-08
"China, Taiwan Province of",0.18583458680851725,0.1591206257523406,0.019714395753851865,0.13706166018114446,0.012084115540380322,0.025959527141146937,0.001355467955650554,0.012544290924032827,0.16487063426532686,0.03914040728785994,0.053664911779105054,0.005314595836219148,0.05987655185714724,0.0011456130116599317,0.0014461338475279394,0.0027264900606742202,0.00098064505211002,0.00011354502544348122,0.021929345272699956,0.04012709461450075,0.027931585204102567,0.013900872815414583,0.010824979211526847,0.0017481413051026646,0.0004313918393254591,2.322195495150838e-05,7.700102682979441e-05,5.2168675407158864e-05
Colombia,0.0257340225050403,0.19875301807503876,0.01021535348050164,0.000923005891233251,0.13841546645063338,0.07014782435603725,0.38492129150114957,0.06412771264311032,0.0284373362261792,0.00855944593452186,0.0003225485939685558,8.726990227693084e-05,0.0009153431690790603,1.746490963608712e-05,0.016959887890973233,0.006087180499190508,0.00020042954895177338,0.012177790095099183,0.019297295300365398,0.00725548313614323,0.0025884080843201268,0.00042132326952037225,0.0005245464314016915,0.000954496823724746,0.0019419425471392286,1.1160013604659737e-05,2.4772895324988877e-06,4.7543162700611625e-07
Comoros,0.5213872630683108,0.07898233789089966,0.0038495735385914733,0.051693752423855585,0.0418488060909101,0.2550535789752205,6.995271667278452e-05,0.022763155781715276,0.007910048273435485,0.0037674078442595624,0.0017314246380383893,0.0015501463847559188,9.445510022198158e-05,3.3777277363935434e-05,0.0007714052990230067,4.9876765695264634e-05,0.0031939053088705467,0.0023323415053983446,0.00027305507149367276,0.001780321634554141,0.0002247907327440496,2.2732704377621045e-06,9.411165118953076e-05,0.000510506314372116,2.8240710027535303e-05,2.4672526950481196e-06,7.530745271814357e-07,2.714047199596582e-07
Congo,0.8856216382662787,0.036742935639492935,0.00017119222310057986,0.0002247139987777972,0.027914583805205916,0.01864424690627116,0.00020394461533894916,0.0047127267914171996,0.00536805175848445,0.0022143676943733167,0.0059640289487957,0.0076177883196348415,0.0006635640291995134,8.270889045735376e-05,0.0005646593340277114,1.5176106062297986e-05,0.0011557841781270075,0.00011783692672671195,0.00028798852925555337,0.00022031576319833424,0.00012711005893670897,3.661339451163957e-07,4.2985982244747896e-05,0.0013076759039906988,3.7520425872945956e-08,8.390115041914652e-06,5.1725483583069625e-06,9.012830586072967e-09
Cook Islands,0.21251839532362712,0.02711697376940211,0.002941700891557373,0.11409371532113392,0.157399191051013,0.4253120561785064,0.001106803287138155,0.026197881303563906,0.007764016214430151,0.008937968201366062,1.0484241177554013e-07,6.948730994232306e-05,0.00046360431751513306,0.0006543893330968226,2.7074031720524256e-06,2.96326769907516e-05,0.0013114127330569403,0.004644716912308746,0.003523878966366149,5.862572674389879e-05,0.002716047274311376,0.0026523582278492564,8.559241807714458e-05,0.0001351719698541249,0.00024169518194209135,2.0313578801674155e-05,7.807012210601492e-08,1.481515699308936e-06
Costa Rica,0.8237107073076616,0.12120879917531352,0.005183619258143325,0.00021968187810801713,0.00013790823621137436,0.009928132605046294,0.0011254658213050842,0.0031694659865405153,0.0010500799114501443,0.002521836077527504,0.005030403239656992,0.0007827675577631384,0.012410739811422402,0.005158640985122967,0.0036928029655027487,0.0020423700369668033,0.0003792708444439662,0.0002459529183187098,0.001458205644988298,0.0002008247405055816,7.013580298415499e-05,2.2065465181690405e-05,3.310702813429505e-07,2.078242909344898e-05,0.0002027975708955103,2.0091535576005025e-05,3.5564021166378908e-06,2.564721872154808e-06
Croatia,0.5426665045812459,0.12261612829446823,0.001243796923537266,0.05664599308239066,0.13785504055101377,0.12130792695808694,0.003977994142523096,0.004733091549255245,0.00011045902902729345,0.0013170046758212922,0.0006173788419837076,2.7012028799529845e-06,0.005338145062915113,9.430876554355643e-06,0.0002467653670601719,6.287930421164154e-07,0.0002748505613458106,0.0001983112532611364,0.00016184415377398496,0.00021812336662924324,0.0002877603950556174,1.1784860022491449e-05,4.206804370657128e-05,6.55906095766344e-06,8.279142638521059e-05,2.658257831362832e-05,3.340243049354642e-07,3.444383986777203e-10
Cuba,0.723648356299693,0.13410130034755113,0.0061443858339909375,0.002821095211711597,0.0269272085773051,0.009399537424904389,0.020854425349431466,0.006249027748670546,0.0030269439303078198,0.0010797654346642997,0.009387049540236368,1.7880685195634218e-05,0.0055734141915397386,0.004438709352607912,0.000191261792382879,0.0021468516941121037,0.01858671014086813,0.002568990201998128,0.0018652028313823532,0.00047021835052318123,0.015466259026338715,4.2153470907243717e-07,0.002579255092982522,0.0004429199843950054,0.001976270082267126,3.301511850669494e-07,1.5885234957120682e-05,2.0323954088717426e-05
Cyprus,0.7330992830406683,0.12322377789730478,0.0013977386182286939,0.014827367181590568,0.07089306765932879,0.0347915228295681,0.0039742120887941565,0.004209899171214427,0.00041525515424861763,0.002583011335907264,0.001924155390110099,5.411092262152905e-06,0.00643605197093533,0.00015078166734336284,0.0011118517165763409,0.00011187296996531418,3.549335909844763e-05,1.2485416444307871e-05,4.41955113571487e-05,0.00035088478451975464,2.537417341446906e-05,3.337533251311287e-05,0.0001780185174963616,1.8287341364153026e-05,0.0001249370818578192,1.8409498342392833e-05,3.2754792889784764e-06,3.7202570565413236e-09
Czechia,0.2255973487001953,0.08785623015493395,0.0005906994639012583,0.13759774789584026,0.19876322801248453,0.30440649474080705,0.000917137566566632,0.028948839339006983,0.00044209617264472426,0.00027015089159349595,0.00029527383574120484,0.0010085694547834778,0.008247421156833053,0.00017390640333923396,0.0008957058291679954,0.0005812241593841777,0.00019122593350500938,0.00035498281605503664,0.001117037565060696,0.0003415898110768762,0.00046202536509147904,0.00030716753152008213,0.0002907649271429816,0.00023541324586995248,6.862263432392647e-05,3.8559195060778607e-05,2.0423603726071315e-07,3.3296203261342274e-07
Democratic People's Republic of Korea,0.5366828643009799,0.1810141520612547,9.46357726553161e-06,0.0006339718417900182,0.13827251332621943,0.05441039562173749,0.018154468330278388,0.012459171616523506,0.0053900672668603595,5.414891657754774e-05,0.009588094788754825,0.0009926887445668518,0.0025084561049066346,0.0022115351183987636,0.0014773106609625329,0.006441883921843657,0.005549426639008265,0.0019209873429326728,0.003785572061234252,0.003947825543745402,0.009955177231729102,0.00023226480623818115,0.0012843413231172014,0.0015891314860061346,0.0013986418065824705,1.1477272412311043e-06,3.396754307855356e-05,3.3029016624033156e-07
Democratic Republic of the Congo,0.001828032050655862,0.80980252581897,0.04497549733674658,0.002887971964011004,0.08386943911876375,0.004608549441234696,0.000916619387199793,2.38076822628519e-05,0.04568224730330076,0.0008930933511223885,0.0009995558625190955,0.001326302292633609,0.00031939584012150805,0.0003047254543939345,0.001020499146950808,5.727938504099844e-06,0.00023795303532393326,8.04778759048416e-06,1.533215887881962e-05,0.00020589537958002225,1.4695057820499032e-06,1.301956895952152e-05,2.8085167409491177e-05,2.445158775429511e-05,1.354401367861535e-06,1.0145026528701135e-08,1.3518303645878666e-07,2.5608989957790164e-07
Denmark,0.14683509643109058,0.05013640011026316,0.0014445025574500148,0.14288088370962712,0.20048562384126647,0.39846856054940755,1.3378024919373927e-05,0.023121686093564884,0.001267169536952733,0.0016068408070997473,0.025737776747386608,0.0014797719817898878,0.0018349401910205704,3.938086846442474e-05,4.80339313030704e-05,0.0011046024261486518,7.21504970136872e-05,0.0002927634962450627,0.001325913710846639,0.0008930405003695446,0.0004236029251104027,0.0002194878482003643,5.591804129047907e-05,0.00019452566099241507,7.448351140204829e-06,8.836254646421215e-06,1.4127838663947141e-06,2.521225235278894e-07
Djibouti,0.8386306028934647,0.12190240883974224,0.002607280534510842,0.0022446033190215288,0.0032398844049948434,0.013169259426117127,0.0023128978831420985,0.00010608514304636426,0.0020189049887491656,0.0033765703824122067,0.0014729445149388406,4.698809252851267e-06,0.0048376644650596325,0.00048283203145928823,0.002418873023507197,6.152462520150298e-05,0.00028062096090714897,8.011250790666959e-06,5.46462358545514e-05,0.00020500470949493487,1.3288208025388521e-05,7.426545616048262e-06,0.00023050373331810786,0.00017413973371040775,0.00012308094786962415,9.04596382694294e-06,7.172545414820087e-06,2.3880550814996586e-08
Dominica,0.5572744863436994,0.06875043658145347,0.0033351693668890866,0.057670975928432795,0.05241646277869903,0.2315311390555442,2.8865303298425553e-07,0.011995420479422859,0.0070740159264402235,0.0033990914728770764,0.0007309275638521546,6.359503836440598e-06,0.001798154363832655,0.0008802678556345194,0.001593342347339194,0.00011752369611585043,0.0005915778265485256,1.1879004815719076e-05,0.00019468966921644266,1.014581123446096e-05,8.309965522545626e-07,3.8956862587434685e-06,0.00025996792182826823,0.00016823032209368422,0.0001724428101816964,6.528289362020009e-06,5.74814625006479e-06,1.5985560039685738e-09
Dominican Republic,0.7446569838925041,0.1552412715237456,0.004869438505272848,0.009483161774599673,0.008048387984239314,0.01361947035974133,0.004293151407982,0.0020969354015642513,0.000863894065192175,0.00039684298684698955,0.00724167472651051,0.003079397990928353,0.013525030944135628,0.009712515914415026,0.007797842289546851,0.0017863401509496117,0.0008789093732577313,5.383244027888539e-05,0.004807948440059256,0.006361523933022739,3.073033251786002e-05,2.4458292324418014e-05,0.0007629872229466268,0.0002308076869948052,0.00011844865824362142,6.8008543780630505e-06,1.025620653657091e-05,9.566412652438277e-07
Ecuador,0.5977287659043637,0.01929475212430081,0.007547841130300285,1.6783253381862663e-05,0.034049368227357504,0.01176068415202241,0.07984986016086543,0.021718269007849324,0.07762166174169746,0.026973268001087063,0.029924322945142454,0.0006139365265853159,0.013468517179172922,0.004937785068082852,0.006669655218196807,0.02806759128539892,0.00013359078082855375,0.0037714933294259434,0.026600966985999525,0.000590298448925536,0.005604118673691209,0.00035141734410828595,0.00011676795366034621,0.0004952769696587625,0.002043880620876564,2.954158238481389e-05,4.4487502934540776e-08,1.95408971323008e-05
Egypt,0.1292300894643983,0.09872464863281961,6.393185422330021e-07,0.15476673317422918,0.018284978702870606,0.013912429992304564,0.0026681342307565393,0.0009119563727355816,0.07027845429912055,0.10238582446707603,0.1848396783685698,0.0033095530914751896,0.0005884284123337058,0.0003160072475576361,0.023913588297462145,0.018002713776686,0.1192126103070995,0.005407847502235515,0.019741722384268797,9.081013901602953e-05,0.0018202610248536275,0.01362407278400622,0.0011342016211823625,0.011732533452307042,0.004996975851166596,8.002266264814113e-05,2.2190103962336714e-05,2.89431831622983e-06
