Factor de risc,C1,C2,C3,C4,C5,C6,C7,C8,C9,C10,C11,C12,C13,C14,C15,C16,C17,C18,C19,C20,C21,C22,C23,C24,C25,C26,C27,C28
Forest fires,0.024317823890690766,0.22499195165401759,0.20610641303381613,0.04083309827845038,0.18571928409177543,0.18582430789759324,-0.1975931076990609,0.0328922078013916,0.22265260045533325,0.22603733456460812,0.18892897265351094,0.2137900789913342,0.22462401194626688,0.2188002873172894,0.21821255148312732,0.22138000944657743,0.2288535528788386,0.16779015173542705,0.22147066831560291,0.019888968209570385,0.013006800092145844,0.21866309651514923,0.1927548931956869,0.2315784013510219,0.22094638481409748,0.22207230003733572,0.22715305097728392,-0.0003111765791529611
Crop Residues,0.523050658022701,0.02640237665297289,-0.03698504448783128,0.15863921762268254,0.11497105398686043,0.07434278350213065,-0.007911042772085878,0.5250070128846082,-0.08136381148321987,-0.04236989648336728,-0.059204087305072046,-0.0953986029944298,0.03406540381729786,-0.07374175198844718,-0.09340133379018906,-0.08751993576801563,0.01510479163495257,0.20942985527502986,0.002166260661940866,0.16463195055920074,0.5295882773744233,-0.03592918571136371,-0.02935397589674778,-0.014727215337651594,-0.02410417401752695,-0.019799112987813474,0.0589596059565764,-0.04757633593651946
Rice Cultivation,-0.19009493771754737,-0.014196136927717212,0.1482929917299502,0.6335413479178931,-0.10599284572786359,-0.03488017445242417,0.0792854133624661,-0.0074236687601493745,-0.02271338555184199,-0.045151030096750845,0.02469228522399058,-0.06613460757917726,0.08865928612562513,-0.07398206662151302,-0.030398242053297317,-0.06496146196622882,0.02752024608124333,-0.04079124209171578,0.01212509761285619,0.6608825340203773,-0.18922655746683875,-0.08990282012323023,0.08208586811117359,0.01229160582085894,0.04647687797475959,0.04647105952309659,0.013521186753104647,0.029559663930587076
Drained organic soils (CO2),0.041837675518090485,0.001580886521808064,0.23073287881695734,-0.2038427302721314,-0.22109772520133958,-0.25164051054926795,0.27292159865748,-0.04730072489978131,-0.07183779273375156,-0.0712151798152293,0.3756289246775913,-0.10166460690639444,0.1198926776682128,-0.18005041922346496,-0.1125711622935464,-0.12073494396510662,-0.03984654306266623,0.14952339463193914,-0.03882506737696994,-0.0684053252510705,0.06535665067283702,-0.17738756242800874,0.3968288467462576,0.05189807208209978,0.22793364138437175,0.21625333049938533,-0.025402719574276464,-0.3916881838718345
Pesticides Manufacturing,-0.21327004108809092,0.15027554650066274,-0.1665461906268719,0.038221669880263404,0.38130373365847836,0.34803122053893615,0.009454697615875824,0.04644526068527088,-0.15254313372920042,0.04544039476185123,-0.03647913946073637,-0.19489369014622415,-0.027340793624268,-0.02587269192893444,-0.14208108718192294,-0.1084893232886629,0.044229196166277185,0.3496118319910703,0.13944685333396115,-0.03920737956206325,-0.2826361440910722,-0.049885474198407075,-0.08636663722809979,-0.047722901742169206,-0.06931957181979137,-0.06423197380461212,-0.08417558668182187,-0.531653271039071
Food Transport,-0.09526317158301147,0.12261037278808846,-0.021757989151337878,-0.010269678799256228,0.12351173184887325,0.1537586815269938,-0.029346552410066878,0.07518059259204739,-0.18271387589959695,-0.04092264586867638,0.23663509158071727,-0.24429610021747292,0.053798879992009885,-0.13009370572728587,-0.14683245784939838,-0.17997567529507155,0.04561074580833161,0.22734631432937158,0.09728588925841121,-0.1724982423593209,-0.11453315631806867,-0.16183965977545361,0.172241781600296,-0.013482541517803667,0.07890163991761145,0.07876735407081727,-0.12781492743721368,0.7172759727439464
Forestland,0.36647546168251155,0.10035757753545832,0.011476556741171266,0.1797902423492608,0.056006960624980937,0.3240600614226956,0.04987699853690927,-0.5104068435640051,-0.10991977940761725,0.15650271082597372,0.18816507623390696,-0.18572976429332233,-0.13700355025657832,0.089520324086774,-0.03810831319006004,-0.03988316845857476,0.011789585273101387,-0.41909266857071265,0.2502466103026492,-0.0403661446068164,0.1970225129554226,-0.1185017430095691,0.05727567201413123,-0.05548050768048959,-0.0012692657443340494,-0.0007241633476598906,-0.11008521547034168,-0.06587072623686864
Net Forest conversion,0.008950253845407898,0.06931330357330866,-0.15701144589699642,0.19511155483764295,-0.22428844289819957,-0.06611511100410371,-0.7625833700087439,0.051061953752657534,-0.0259082994257566,-0.21107294356380188,0.13027078202324013,-0.05761857546701937,0.007638710094504625,-0.14264502379339397,0.25794260728348734,-0.03548583641460624,0.05379961665185081,-0.0461624728457963,-0.04407208239282975,-0.155708936793724,-0.011593538935651052,-0.11925491511029884,0.101569839586434,-0.053269995637372815,0.01800307241420961,0.025160246169118987,-0.21982197297406691,-0.17849960948650928
Food Household Consumption,-0.2644758177763765,-0.01576565890972841,0.007411400506456988,-0.03954543740436709,-0.11639336020770723,0.29965009926146746,0.07911074992273166,0.5953547963480218,-0.04481696008673445,0.15945191814588258,0.19127417329495724,-0.10392477611216612,-0.028875777061281662,0.023938051302202112,0.014162598095976725,-0.009699195004096313,-0.0884586773123353,-0.5802574075765263,-0.023163239022273237,-0.11134418757059042,-0.06359694440643854,-0.01743377618282834,0.04597876762968201,0.036440482783067454,0.04524605601124169,0.04174947330850952,0.11167439167947008,-0.07817365169096269
Food Retail,-0.04359450280272991,0.3693915620696137,0.20559459252971843,-0.028754471415320917,0.5743959517636044,-0.5351719930166418,-0.04142843697761019,0.116699175750506,-0.00766395341456033,-0.07799703002785485,0.12065212565249209,0.031244113262643147,-0.2017280523255365,-0.017636737419589717,0.05334625398966921,-0.052198798886656864,-0.013754114363335328,-0.2739524411172157,0.0962039827592826,0.04986175933056905,-0.008182493677980506,-0.02843895059418103,0.014973798511512447,-0.1356732552074628,-0.0633444637160299,-0.07491186800953534,-0.049530752722122005,-0.007883856004428369
On-farm Electricity Use,0.11789456387219086,-0.12779218424305294,-0.045237845521425936,0.11024411904692219,0.4101141332006895,0.14667606728416455,-0.05009522141068167,-0.1342044645893449,0.059180529345891165,0.07470154412898686,0.14609840625880297,0.03266501119436973,0.15367803991026646,-0.20888065882718593,0.09623663930659694,-0.0009120658631917279,-0.4627541153467365,-0.04067301657677898,-0.6159504359480706,-0.014364293263719503,-0.052051527295065306,0.11321704747076033,0.06738148072425208,0.09724655870056631,0.07986544106797494,0.07595760328756257,0.012627290793154639,0.0103977974033569
Food Packaging,0.024022947608705325,-0.019785903772684528,0.7323966611360518,-0.23880711740316465,-0.035241076707702323,0.16852292882977365,-0.35371205085453783,-0.006765237364739672,-0.0665474301315331,0.1410519364071514,-0.2851335556684607,-0.09345553632017407,0.0477438983396017,0.03302403142037029,-0.25182510915157424,-0.08928026672353748,-0.058274349997357096,-0.020933809195034098,-0.12686774287136135,0.10174294329706277,-0.03666970959529211,-0.0630586226140656,-0.05519918866944795,-0.015228116594298737,-0.0430411105586576,-0.022320415601450823,-0.1426532262027506,-0.009992217428107127
Agrifood Systems Waste Disposal,-0.0931772951715526,-0.013621003828896354,0.334370710607004,0.5208055650598291,-0.037673029367841664,-0.03464699381895764,0.19698501386786418,0.02951887931491021,-0.09909379666480071,-0.00943581001184747,-0.2885534663066278,-0.026943559978250764,-0.16638360285479778,0.026969170961774088,0.21166328942070087,-0.07804171943372076,-0.08590518296644313,0.11829942999163945,0.0018015664176722294,-0.5652230714277884,0.07463313746003183,0.154200120690514,0.11969446361886639,-0.06531487468762802,0.021566538167136415,0.031717956542846294,0.04302269736460112,-0.021868941213985367
Food Processing,0.5432071414623377,0.013374539964760087,0.09107744066289017,-0.055146785529876466,-0.15596954294126938,0.026623145274958994,0.056658505282323704,0.166455100411879,0.02371078288937047,0.06678226880610005,0.08575228708756104,0.042232208305426185,-0.25443382198297626,-0.04619473928331078,0.22373358319298667,0.04662773234152038,-0.18703046419212843,0.11190522554407799,0.11998964505946379,0.04721814063662725,-0.6314744986905751,0.010706624215378081,0.045698413261763327,-0.1544505663316822,-0.0592841339232495,-0.07014191704903278,0.07721685355967269,0.02919636833849648
Fertilizers Manufacturing,-0.12971214678676893,0.21879894505755632,0.21583236920658805,-0.18649958066237365,-0.09841605293516324,0.27119204153479715,0.1591312848049289,-0.0797796467678503,-0.025155983317741794,-0.2757877676934158,0.14303342547790948,-0.0831842360169249,0.06749484490321522,-0.4360488664812127,0.4410393177296814,0.005790276232504417,0.03394067140764802,0.03162423159407111,0.04358634382850227,0.14470242583362225,0.18127479683858672,0.3050022897761571,-0.18221961150087654,-0.12241290974014632,-0.14154154606273525,-0.16116442165732875,-0.016205910130591014,0.019165467241211345
IPPU,0.26161472261357777,-0.07022338008356206,-0.012331327963593531,-0.022200902507200554,0.1703990106238489,0.028243289606526886,0.1060467956617774,0.021330555072954414,-0.03538341870407388,-0.4458692577804503,-0.3445506209587758,-0.02962219101722264,0.43143958963786805,-0.1405511862729537,-0.026475665823631356,-0.07005422253131018,0.3004411528481419,-0.31925705771880514,0.07126433111377442,-0.12025615044073888,-0.28266537379857654,0.05481200543052722,0.04950191230040077,0.16750597376240733,0.1045684347122705,0.12667093964072043,-0.022025623542746002,-0.02629980098297855
Manure applied to Soils,0.0944547693997023,0.0008755461393650937,0.08245439638677057,0.19135296335741694,-0.10360301377890964,-0.02910377379891485,-0.049685856321570854,0.015117590150780166,0.10283004381521992,-0.1441680749238083,0.4227637113572016,0.08247265148762196,-0.012467038780136275,0.06651209083570699,-0.5070697678026301,-0.10168368804973878,0.19861623748396598,-0.01027989726636259,-0.13328156294402171,-0.14577723404403403,-0.10319478984391521,0.5388944346330823,-0.17044211012747656,-0.04866423207280818,-0.12084228116134595,-0.12914494895326062,-0.03383494046982985,-0.031413618806881635
Manure left on Pasture,-0.0375946612956337,-0.45233487474795925,-0.002035433952600557,-0.16337847782422396,0.15394404057130262,0.03784806854631331,-0.030679716006143616,0.020730536646816983,-0.14580848893909293,-0.16987381012906355,0.07078762653276793,-0.11753859451822209,-0.1807165075133068,0.4433298391102358,0.29005303614191136,-0.36370920899409986,0.08653911880802463,0.024319585651238138,-0.003396306028129688,0.2052932642910889,0.03899486629342097,0.29783951763057676,0.21740940633686412,-0.09516400833421051,0.06685046843887982,0.06995517705260894,-0.14166935927443688,-0.0004913224209758815
Manure Management,0.03872519412457621,0.6529033704586861,-0.19588352000658726,-0.07300073084262149,-0.24266134575560383,-0.021010086881166304,0.04307455228045237,-0.01935277505569294,-0.13582565327153454,-0.051090165592714024,-0.2360279639297828,-0.16219599293442288,0.0858359997885525,0.33697962540529586,-0.03903325811948038,-0.09990927842687428,-0.2450914395312961,-0.02119755054696537,-0.20068878893148923,0.10684101740471844,-0.02409552483456795,0.2794310207966094,0.15385396185754302,0.018569398296759614,0.06447830801319351,0.08989778631792772,-0.06456851228534197,0.012713615282539514
Fires in organic soils,0.0896977207556804,0.01672218109251599,0.021507825446167476,0.04478335880031147,-0.047403063808484615,-0.21976938533965792,0.0917984991527371,0.005783565937586707,-0.19880835062735613,0.428426999872332,0.140094761809461,-0.18301149325268287,0.44898379362700325,0.1723531011847577,0.300950691943448,-0.1731536538810056,0.30439132465972635,0.01604036696666488,-0.2367574547745449,-0.08545770604379599,-0.08113305903217805,-0.11300575627884689,-0.2505718841482431,-0.04864672263325023,-0.17624557750842146,-0.1717166470647024,-0.02751476632231285,-0.008969513320609752
Fires in humid tropical forests,0.0106127030909629,0.14261036788400283,0.14940439707673975,0.0412934724771167,0.005791165381290276,0.1990296854105861,0.1304842406238717,0.01574745738301514,0.37627723689711856,-0.4531910249612719,0.15501900358459983,-0.008693098017968711,-0.06338689361790387,0.42001433484245515,0.09496052965469237,-0.025017145243189494,0.039941026579422834,0.06862856693417027,-0.2628887942237649,-0.06869940912075923,-0.004082689837345055,-0.468047409309603,-0.1747383101485392,0.03899971257365629,-0.041252972421974926,-0.0560453930721236,0.03657613471157661,0.0006560985007750854
On-farm energy use,0.004512981161821258,-0.10530422116086553,0.08430606650860821,0.010260187067969278,0.0474258131349032,-0.06366112384054301,-0.03905117915856667,-0.007922328946669228,-0.5018836162543702,-0.2270455412648434,0.11577780814684464,-0.2891087188869537,-0.023998962388009,0.17903510790204327,-0.028458038217935903,0.7107626647690525,0.006064274229130939,0.03460124419788948,-0.09550926977412544,0.00966537503871863,-0.018591681061965452,0.026557020728307856,-0.03448368757297533,0.03792153189141291,-0.018890379061161124,-0.011477789220991047,0.14185864383099284,-9.871094523247487e-05
Rural population,0.04862172638918073,0.14660829921268093,-0.027705893478975487,-0.029060289630999846,-0.0136137871417563,0.08791792791372904,0.09122808711867794,0.009177067726803996,-0.17625714201397322,0.12394243669835502,-0.0768117316665096,0.17005803286442966,-0.5010980221627773,-0.18188219536943856,0.049089500023325114,0.030854842538399922,0.5357440322209219,-0.011732958273506771,-0.42619992703776355,0.06519220914143387,-0.035129966145160424,-0.03220177047882583,0.0023992891140116154,0.21315032336763137,0.1486015511145761,0.150066753308888,-0.1548989655411639,0.007492221225235942
Urban population,0.014812056426382473,0.011337777602031722,0.055794758875557966,0.014353488111446452,-0.050978072331530365,-0.07328456095432317,-0.056482985159880136,-0.025752540596978263,-0.347653718492914,-0.0947871535140815,0.12983341357380995,0.1816232467433459,-0.07517945743797448,0.03817602499094637,0.06479390701310889,-0.28170179753908187,-0.2677020168363641,0.02149751240201911,0.19972287400585678,-0.01081958164165387,-0.01782355779418078,-0.023993527809123786,-0.44296508929368494,0.6228782367357087,0.07655025625877977,0.07585038821378058,0.07265411672827315,-0.00646072002791813
Total Population - Male,-0.027583500528363496,0.0669601201854119,0.005856498613626578,4.805890801865345e-05,0.0023602510493096283,0.17281800116250737,-0.012612111921664934,-0.025730859067847403,-0.45762583206582796,-0.11130575630956105,0.04439387301337101,0.685148327394657,0.16398229139605797,0.0817658344465778,-0.05012326473198388,-0.08981076340475799,-0.003520456573339243,-0.02227301186307239,-0.056621692486529124,0.001969824952117536,0.024168302719819568,-0.15693559170729166,0.1944983040193087,-0.32619413663291724,-0.06521905944187562,-0.15425598208016222,0.15953603555673665,-0.0010906262178067834
Total Population - Female,0.01620566498884814,-0.025071290114040058,0.03593083815127872,0.060285064284644876,0.00591783744998311,0.02678721373174352,0.18775743159446215,0.1575040434542158,0.0032519489536997877,0.03571467807186579,0.059449998410413575,0.2515058240626352,0.1518833579589456,0.10238409052887235,0.04465844133037243,0.27238034827782664,-0.1363070020336321,0.023655011014257855,0.10940907062035336,-0.0027712127411049564,0.012488782298809904,0.019781405657541554,-0.12692285359643474,-0.03445703416566736,0.11904397020081653,0.06321009382095465,-0.8297168934164433,0.00044465591719095856
total_emission,0.0034142429068707574,0.00799345084011769,-0.0064819353934274775,-0.003633819220524786,-0.004946261032558398,-0.020746000589411073,-0.03905863937445706,-0.030498535224231623,-0.039164082792554865,-0.002979583216524337,0.007264639426130796,-0.02957474154719512,0.005512703343562076,-0.00908483882405026,-0.014757972943063429,-0.05039349325347785,-0.0035437575278261177,-0.00516840016882318,-0.009825722470245898,-0.005019359100639512,-0.0089444485489968,0.003352589173012648,-0.4902231259854782,-0.5241789700091686,0.49048611869676556,0.4587368666351352,0.15895128405791864,-0.0014294893107464003
Average Temperature °C,0.0041186246932236195,-0.0006022655559392203,-0.0023409876564233693,0.000959531147623866,-0.0021809161198759067,-0.00921619742806175,-0.016670578366053623,-0.004029181876238125,0.016802332203192466,0.008529852093579008,-0.03139654923142452,-0.059813945783889384,-0.006018378140420248,0.0007633668587912763,-0.005088930845089527,-0.004988992363276519,0.008397922480890977,-0.0017774554500916357,-0.0028428175349812707,-0.002875518931391418,-0.003534416643292207,0.013644686392109763,0.008687996358577693,0.038578744541276765,0.7018532339030097,-0.7070493643215351,0.014728881895604827,-0.00032640539864815874
